549.78
549.32
545.59
531.98
524.49
508.19
489.76
469.53
457.21
433.72
415.58
395.44
377.38
361.48
352.15
343.53
344.64
349.96
364.80
391.44
430.45
472.63
527.02
586.76
660.82
749.27
847.06
947.30
1060.80
1188.70
1334.50
1486.90
1643.50
1823.50
2015.10
2234.30
2464.40
2720.80
2994.30
3294.20
3617.10
3921.00
4293.70
4673.30
5097.80
5543.90
6044.70
6513.80
7058.90
7640.70
8279.60
8905.60
9568.00
10274.00
11002.00
11711.00
12471.00
13326.00
14137.00
15025.00
15920.00
16854.00
17701.00
18683.00
19678.00
20672.00
21714.00
22815.00
23834.00
24773.00
25904.00
26837.00
27720.00
28676.00
29620.00
30387.00
31307.00
32123.00
32961.00
33696.00
34450.00
35083.00
35702.00
36219.00
36650.00
37057.00
37504.00
37861.00
37996.00
38261.00
